101 
 0 231 105 224 224 175 147 224 126 112 182 119 182 329 315 294 287 161 196 112 203 273 322 196 266 133 77 84 168 77 70 147 84 175 189 287 252 399 294 168 294 287 343 322 259 273 238 196 280 42 84 105 126 182 238 273 266 168 224 196 266 133 168 266 245 175 357 126 28 56 175 238 224 252 273 77 91 140 112 133 105 182 210 245 259 336 238 105 147 147 280 231 238 189 210 203 224 252 217 273 105
 231 0 238 140 168 112 252 252 329 301 350 161 63 147 91 175 231 189 329 343 70 84 161 245 210 112 161 147 266 301 245 364 273 336 392 378 105 224 175 63 84 84 126 168 252 315 329 287 413 224 301 189 98 175 203 133 42 63 112 175 168 294 371 441 462 406 238 210 210 273 392 84 63 84 105 203 224 308 266 203 294 252 203 196 140 217 49 252 140 350 140 98 126 91 84 112 77 112 119 119 126
 105 238 0 175 301 238 245 315 105 203 280 77 224 371 329 357 364 245 301 154 189 252 280 98 189 126 147 112 63 147 175 217 49 98 154 385 301 448 231 175 280 315 371 378 343 371 336 301 378 56 98 196 161 112 161 231 280 189 280 280 336 238 259 357 231 203 294 42 126 147 161 210 210 231 245 49 21 63 28 56 63 280 294 322 315 406 266 210 217 231 336 280 301 238 259 266 266 301 280 322 154
 224 140 175 0 287 224 322 357 280 329 399 112 175 287 203 315 357 280 399 322 70 98 105 126 70 98 196 154 168 301 280 371 224 252 322 462 245 364 63 112 126 224 252 308 364 420 413 371 483 196 266 252 147 63 63 56 168 140 238 280 301 343 392 490 399 371 133 133 224 280 336 63 77 77 77 161 161 231 196 119 238 336 308 315 273 357 189 301 231 371 280 231 259 210 210 238 210 252 252 259 175
 224 168 301 287 0 70 147 98 350 238 245 245 112 140 203 77 70 77 210 322 224 252 329 350 357 210 154 189 350 273 189 308 308 392 413 231 77 189 336 175 245 140 196 112 84 154 189 154 273 252 308 126 154 294 343 294 175 147 56 28 49 203 287 329 462 385 406 294 196 238 399 245 224 245 273 252 280 357 322 294 329 119 49 28 56 112 126 175 84 280 77 77 49 77 84 56 91 70 42 84 147
 175 112 238 224 70 0 147 140 294 210 245 175 49 154 175 126 140 77 224 280 154 196 273 280 287 140 98 119 287 238 161 280 252 329 364 266 77 224 273 112 203 126 189 147 147 203 217 175 294 196 259 91 84 224 273 231 133 84 49 63 98 196 273 336 420 343 343 224 147 203 350 182 161 189 217 189 217 294 259 224 266 140 91 98 84 168 84 154 35 259 105 63 63 21 42 28 63 77 42 98 77
 147 252 245 322 147 147 0 84 252 98 105 238 189 280 322 224 175 70 77 203 273 329 399 329 378 224 126 175 315 154 77 168 231 315 322 147 210 329 385 224 336 266 329 259 126 126 91 49 161 189 210 70 175 301 357 350 280 203 182 112 189 63 140 189 350 259 455 266 119 126 287 301 287 315 343 210 238 287 259 266 245 42 98 147 196 252 231 42 112 140 217 196 182 168 182 161 203 203 168 224 147
 224 252 315 357 98 140 84 0 336 182 168 287 189 231 301 161 98 70 126 287 294 336 413 392 420 259 175 224 378 238 161 252 308 392 399 133 175 266 413 245 336 238 294 203 42 63 91 63 175 259 294 119 210 343 399 371 266 217 154 77 133 147 217 238 434 343 483 322 189 210 371 322 301 329 350 273 301 364 329 322 322 42 49 84 154 182 217 126 126 224 175 168 147 161 168 140 189 168 140 182 182
 126 329 105 280 350 294 252 336 0 175 245 175 301 448 420 420 406 280 280 77 287 357 385 189 287 224 196 189 140 105 175 154 56 77 63 371 371 518 336 266 385 399 455 448 378 378 329 301 350 105 42 231 238 217 266 336 371 273 350 322 392 217 203 301 126 98 392 147 154 126 56 315 308 336 343 133 119 70 84 161 42 294 329 371 378 462 350 210 266 175 399 350 364 308 329 329 343 371 343 392 224
 112 301 203 329 238 210 98 182 175 0 77 224 245 364 385 315 273 154 105 112 301 364 420 301 371 238 147 175 266 70 56 70 168 245 231 196 287 420 399 252 378 336 399 350 231 210 154 133 175 147 133 119 210 287 350 371 336 245 259 203 280 42 63 161 252 161 462 231 105 56 196 329 315 350 371 182 203 224 210 245 182 140 196 245 280 343 294 63 175 49 308 273 266 231 252 238 273 287 245 308 175
 182 350 280 399 245 245 105 168 245 77 0 294 287 385 427 322 266 175 49 175 357 420 483 378 448 301 203 245 350 147 119 112 245 322 301 133 315 434 462 315 434 371 434 364 210 175 105 105 98 224 210 161 266 364 420 434 378 294 287 217 294 56 56 91 308 210 532 308 175 133 259 392 378 406 427 259 280 301 287 322 259 133 203 245 301 350 336 98 217 77 322 301 287 266 287 266 308 308 273 329 238
 119 161 77 112 245 175 238 287 175 224 294 0 154 301 252 301 315 210 301 210 112 175 210 105 147 49 112 63 112 189 175 259 119 175 231 378 238 378 175 98 203 245 294 308 308 350 329 287 385 84 161 168 98 63 126 161 203 119 217 231 280 245 287 385 308 266 238 49 126 175 238 133 133 154 168 49 63 140 105 42 140 259 252 273 252 343 196 203 168 259 266 217 238 175 189 203 203 238 217 252 105
 182 63 224 175 112 49 189 189 301 245 287 154 0 147 140 147 175 126 266 301 112 147 224 252 245 112 112 112 266 252 189 308 245 322 364 315 77 224 231 70 154 98 161 154 189 252 266 224 343 196 266 126 63 189 231 182 91 42 63 112 126 238 308 378 427 364 294 210 161 224 357 133 112 140 168 175 203 287 245 203 266 189 140 140 98 189 49 189 77 294 112 63 84 28 35 56 42 84 70 98 77
 329 147 371 287 140 154 280 231 448 364 385 301 147 0 112 77 154 210 350 441 224 210 280 392 357 252 252 259 413 392 315 434 399 469 511 364 77 77 315 203 189 63 77 42 203 280 329 294 413 343 413 245 210 322 350 266 119 182 105 168 98 343 420 469 574 504 364 350 301 357 504 231 210 217 238 329 350 434 399 343 413 259 189 147 84 98 105 301 189 413 63 98 98 140 119 126 105 84 119 63 224
 315 91 329 203 203 175 322 301 420 385 427 252 140 112 0 175 245 252 399 434 147 112 175 322 266 203 245 238 350 392 329 448 364 427 476 434 126 175 217 154 84 63 49 147 287 357 392 350 469 315 392 266 189 252 266 168 49 154 147 224 182 371 448 518 553 497 259 301 301 357 483 140 126 126 140 294 308 392 357 287 385 315 252 224 154 203 91 329 210 434 147 133 154 154 140 161 119 133 161 126 210
 294 175 357 315 77 126 224 161 420 315 322 301 147 77 175 0 77 154 280 399 245 252 329 399 385 252 224 245 406 350 266 385 378 455 490 287 70 112 357 210 245 112 147 42 126 203 252 224 336 322 378 203 203 336 371 308 161 189 84 112 28 280 364 399 539 462 413 350 266 315 469 259 238 259 280 315 343 420 385 343 392 189 119 77 42 42 126 252 154 357 35 84 63 119 112 98 105 63 84 56 203
 287 231 364 357 70 140 175 98 406 273 266 315 175 154 245 77 0 126 224 371 287 315 392 420 427 280 224 259 420 322 238 343 371 455 476 210 126 175 406 245 308 182 224 119 56 126 182 161 266 315 364 182 224 364 406 357 224 217 119 91 63 238 315 336 518 434 469 364 252 287 448 308 287 308 336 322 350 420 385 357 385 140 77 42 98 84 182 210 154 315 105 133 98 147 147 119 154 119 112 126 210
 161 189 245 280 77 77 70 70 280 154 175 210 126 210 252 154 126 0 147 245 224 273 343 315 343 189 105 147 308 196 112 231 245 329 350 189 140 266 343 175 280 196 259 196 98 140 140 98 217 196 238 56 133 273 322 301 210 147 112 49 126 126 210 259 392 308 413 252 126 161 322 252 231 259 287 203 231 301 266 252 266 63 49 91 126 189 161 91 56 203 154 126 112 98 119 91 140 133 98 154 112
 196 329 301 399 210 224 77 126 280 105 49 301 266 350 399 280 224 147 0 210 350 406 476 392 448 294 196 245 364 175 126 154 273 350 336 91 280 392 462 301 413 343 406 322 168 126 56 56 84 245 238 147 252 364 427 427 357 280 252 182 252 63 105 119 350 252 532 322 182 154 301 378 364 392 420 266 294 329 308 329 280 91 161 203 266 301 308 98 189 119 287 273 252 245 259 238 280 273 238 294 224
 112 343 154 322 322 280 203 287 77 112 175 210 301 441 434 399 371 245 210 0 315 385 427 252 343 245 189 196 210 49 133 77 105 154 126 301 357 504 385 280 406 399 462 427 329 322 266 245 273 126 56 196 245 266 322 378 385 280 336 294 371 154 126 224 147 63 448 196 140 84 84 343 336 364 378 161 161 147 147 210 105 245 294 336 364 434 350 161 252 98 385 343 343 294 322 308 336 357 322 378 224
 203 70 189 70 224 154 273 294 287 301 357 112 112 224 147 245 287 224 350 315 0 70 126 175 140 70 154 119 203 280 245 350 231 280 336 413 175 301 119 49 91 154 196 245 301 357 364 315 434 189 266 203 98 105 126 77 105 77 168 217 231 301 364 448 413 371 189 154 196 259 343 28 21 49 70 154 168 252 210 140 245 280 245 252 203 287 119 259 168 343 210 161 189 140 140 168 140 182 182 189 126
 273 84 252 98 252 196 329 336 357 364 420 175 147 210 112 252 315 273 406 385 70 0 77 224 154 140 224 189 259 350 308 420 301 343 406 462 189 280 105 112 28 147 161 238 336 399 413 371 490 259 336 266 154 154 154 56 91 126 196 259 252 364 434 511 483 441 161 217 266 329 413 42 49 21 28 224 238 315 280 203 315 336 287 280 217 294 133 322 217 413 217 182 210 175 168 203 161 196 210 196 189
 322 161 280 105 329 273 399 413 385 420 483 210 224 280 175 329 392 343 476 427 126 77 0 224 126 189 280 245 266 399 371 469 329 357 427 532 266 350 63 175 91 224 224 315 413 476 483 441 560 301 371 329 224 168 140 49 168 196 273 336 329 427 490 574 504 476 84 238 322 378 441 98 112 84 56 259 266 329 301 224 343 406 364 357 301 371 210 385 294 462 294 259 294 252 252 280 238 273 287 273 252
 196 245 98 126 350 280 329 392 189 301 378 105 252 392 322 399 420 315 392 252 175 224 224 0 105 147 210 168 49 245 266 315 147 140 210 476 329 469 168 189 252 329 371 406 413 448 427 385 476 154 196 273 196 70 84 182 280 210 315 336 378 329 357 455 294 287 210 70 210 245 238 182 196 203 203 119 98 119 105 63 147 357 357 378 357 441 287 301 273 329 364 315 336 280 287 308 294 336 322 350 210
 266 210 189 70 357 287 378 420 287 371 448 147 245 357 266 385 427 343 448 343 140 154 126 105 0 154 252 203 154 329 329 399 238 245 315 525 315 434 63 175 182 294 315 378 434 483 469 427 532 224 287 308 210 84 28 98 238 210 308 350 371 392 434 532 399 385 105 147 273 322 343 126 147 140 126 189 182 224 203 133 245 399 378 385 343 427 259 350 294 406 350 301 329 280 280 308 280 322 315 329 238
 133 112 126 98 210 140 224 259 224 238 301 49 112 252 203 252 280 189 294 245 70 140 189 147 154 0 98 56 154 210 182 280 161 224 273 364 189 329 161 49 161 196 245 266 280 329 315 273 378 119 196 154 56 84 133 140 154 70 175 196 238 245 301 392 350 301 231 98 133 189 280 98 91 119 133 91 105 189 154 91 182 238 224 238 210 301 147 203 140 280 224 168 196 133 147 161 154 196 175 210 77
 77 161 147 196 154 98 126 175 196 147 203 112 112 252 245 224 224 105 196 189 154 224 280 210 252 98 0 49 203 147 91 203 154 238 266 273 175 322 266 112 238 210 273 245 203 238 217 175 280 98 161 63 63 175 231 231 196 98 147 133 196 147 210 294 322 252 329 147 49 112 252 189 175 203 224 98 126 203 161 147 168 147 147 182 182 266 161 105 70 189 203 154 161 112 133 126 147 175 147 196 35
 84 147 112 154 189 119 175 224 189 175 245 63 112 259 238 245 259 147 245 196 119 189 245 168 203 56 49 0 168 161 126 231 133 210 252 315 189 336 217 84 210 210 266 266 245 287 266 224 329 84 154 105 49 126 182 196 189 84 168 168 224 189 245 336 315 259 287 105 77 133 245 154 140 175 189 63 91 175 133 105 154 196 189 217 203 294 161 147 105 224 224 168 182 126 147 147 161 189 168 210 42
 168 266 63 168 350 287 315 378 140 266 350 112 266 413 350 406 420 308 364 210 203 259 266 49 154 154 203 168 0 210 238 280 105 91 161 455 343 490 210 203 287 350 399 420 406 434 406 364 448 126 154 259 203 105 133 224 308 224 329 336 385 301 322 420 245 238 259 63 189 210 189 217 224 238 238 105 77 70 63 63 105 343 350 378 364 455 301 273 273 287 378 329 343 287 301 315 308 350 329 364 210
 77 301 147 301 273 238 154 238 105 70 147 189 252 392 392 350 322 196 175 49 280 350 399 245 329 210 147 161 210 0 84 70 105 175 168 266 315 455 364 245 371 357 413 378 280 280 224 196 245 105 63 147 203 245 308 350 343 238 287 245 322 112 112 210 196 112 427 182 91 35 133 315 301 329 350 140 147 154 147 196 112 196 245 287 315 385 308 112 203 77 336 294 294 252 273 266 294 308 273 329 175
 70 245 175 280 189 161 77 161 175 56 119 175 189 315 329 266 238 112 126 133 245 308 371 266 329 182 91 126 238 84 0 119 154 238 245 210 238 378 343 196 322 287 350 301 203 203 161 126 210 119 133 70 154 245 301 322 280 182 210 161 238 63 119 210 280 196 413 196 56 49 217 273 259 294 315 147 168 210 182 203 168 119 161 203 238 301 238 35 126 105 259 217 217 175 203 189 224 231 196 252 119
 147 364 217 371 308 280 168 252 154 70 112 259 308 434 448 385 343 231 154 77 350 420 469 315 399 280 203 231 280 70 119 0 175 231 196 238 357 497 434 308 434 406 469 420 294 273 210 196 203 175 126 189 266 322 378 420 399 301 329 273 357 112 56 154 196 105 504 259 154 91 154 378 371 399 420 210 224 217 210 266 175 210 266 315 357 420 357 133 245 28 378 343 336 301 322 308 343 357 322 378 238
 84 273 49 224 308 252 231 308 56 168 245 119 245 399 364 378 371 245 273 105 231 301 329 147 238 161 154 133 105 105 154 175 0 84 112 364 322 469 287 210 322 343 399 399 343 357 315 280 350 56 49 196 182 161 217 280 315 217 301 280 350 210 217 315 189 147 343 91 119 112 112 252 252 280 287 77 63 56 42 105 21 266 294 329 336 420 294 189 224 189 350 301 315 259 280 280 294 322 294 343 175
 175 336 98 252 392 329 315 392 77 245 322 175 322 469 427 455 455 329 350 154 280 343 357 140 245 224 238 210 91 175 238 231 84 0 70 441 399 546 301 273 371 413 469 476 427 441 399 364 420 140 112 280 259 189 224 315 378 287 378 364 427 287 280 385 154 168 350 126 203 196 105 301 301 322 329 147 119 35 77 140 70 357 378 413 413 497 364 273 308 252 434 378 392 336 357 357 364 399 378 420 252
 189 392 154 322 413 364 322 399 63 231 301 231 364 511 476 490 476 350 336 126 336 406 427 210 315 273 266 252 161 168 245 196 112 70 0 427 434 581 371 322 434 462 518 511 441 441 392 364 399 168 112 294 301 252 294 378 427 329 413 385 455 280 252 343 84 112 420 189 224 196 49 364 364 385 392 189 168 91 126 203 98 357 392 434 448 525 413 273 336 224 462 413 427 371 392 392 406 434 406 455 287
 287 378 385 462 231 266 147 133 371 196 133 378 315 364 434 287 210 189 91 301 413 462 532 476 525 364 273 315 455 266 210 238 364 441 427 0 308 385 525 364 462 371 427 329 154 84 49 98 63 329 329 210 315 441 497 490 399 336 287 210 259 154 189 147 434 343 595 406 259 245 392 441 420 448 476 350 378 420 392 413 371 126 182 210 280 294 343 175 245 210 301 301 273 287 301 273 315 301 266 315 287
 252 105 301 245 77 77 210 175 371 287 315 238 77 77 126 70 126 140 280 357 175 189 266 329 315 189 175 189 343 315 238 357 322 399 434 308 0 147 287 147 182 63 119 77 161 231 266 231 350 266 336 168 140 266 301 238 98 119 28 98 63 266 343 399 497 420 343 287 224 280 427 189 168 189 210 252 280 364 322 280 343 189 126 98 28 112 56 231 112 336 35 21 28 63 42 49 35 7 42 21 147
 399 224 448 364 189 224 329 266 518 420 434 378 224 77 175 112 175 266 392 504 301 280 350 469 434 329 322 336 490 455 378 497 469 546 581 385 147 0 385 280 259 140 126 77 231 301 357 336 441 413 483 308 287 399 427 343 196 259 175 217 140 392 476 511 644 567 434 427 371 420 574 301 287 294 308 399 427 511 469 420 490 301 231 189 140 91 182 357 259 469 119 168 161 210 196 196 182 147 182 126 294
 294 175 231 63 336 273 385 413 336 399 462 175 231 315 217 357 406 343 462 385 119 105 63 168 63 161 266 217 210 364 343 434 287 301 371 525 287 385 0 168 133 252 266 343 420 476 476 434 546 259 329 315 210 119 77 49 196 196 287 336 343 406 462 553 455 434 70 189 294 350 392 98 119 98 77 224 224 280 252 175 294 399 364 371 315 392 231 364 287 434 322 273 308 259 259 287 252 294 294 294 238
 168 63 175 112 175 112 224 245 266 252 315 98 70 203 154 210 245 175 301 280 49 112 175 189 175 49 112 84 203 245 196 308 210 273 322 364 147 280 168 0 126 147 196 217 252 308 315 266 385 161 238 154 49 119 161 126 105 28 133 175 196 259 322 406 392 343 238 147 154 217 322 77 63 91 119 133 154 238 203 140 231 231 203 210 168 259 98 210 119 301 182 126 154 98 105 126 112 147 140 161 77
 294 84 280 126 245 203 336 336 385 378 434 203 154 189 84 245 308 280 413 406 91 28 91 252 182 161 238 210 287 371 322 434 322 371 434 462 182 259 133 126 0 133 133 224 336 399 420 378 497 280 357 273 175 189 182 84 77 140 189 259 238 378 448 525 511 462 175 245 280 343 441 70 70 49 56 252 266 343 308 231 343 336 287 273 210 280 126 336 224 427 210 175 203 182 168 196 154 189 203 182 203
 287 84 315 224 140 126 266 238 399 336 371 245 98 63 63 112 182 196 343 399 154 147 224 329 294 196 210 210 350 357 287 406 343 413 462 371 63 140 252 147 133 0 63 91 224 294 329 287 413 294 364 217 161 259 287 203 56 126 84 161 119 322 399 462 525 462 308 294 259 322 455 161 147 154 175 273 294 378 343 287 364 252 189 161 91 147 49 280 161 385 77 70 91 105 84 105 63 70 105 56 175
 343 126 371 252 196 189 329 294 455 399 434 294 161 77 49 147 224 259 406 462 196 161 224 371 315 245 273 266 399 413 350 469 399 469 518 427 119 126 266 196 133 63 0 112 273 350 385 350 469 350 427 280 217 301 315 217 91 182 147 224 168 385 462 518 588 525 308 343 322 385 511 189 175 175 189 329 350 434 392 329 420 315 245 210 140 168 112 343 224 448 126 133 154 168 147 168 126 126 161 112 238
 322 168 378 308 112 147 259 203 448 350 364 308 154 42 147 42 119 196 322 427 245 238 315 406 378 266 245 266 420 378 301 420 399 476 511 329 77 77 343 217 224 91 112 0 175 245 294 266 378 343 406 231 217 336 371 294 147 196 98 147 70 322 399 441 567 490 399 357 294 343 497 252 231 245 266 329 357 441 399 357 413 231 161 119 63 56 119 287 182 399 42 98 84 140 119 119 112 77 105 56 224
 259 252 343 364 84 147 126 42 378 231 210 308 189 203 287 126 56 98 168 329 301 336 413 413 434 280 203 245 406 280 203 294 343 427 441 154 161 231 420 252 336 224 273 175 0 77 126 112 210 294 329 154 224 364 413 378 259 224 147 84 105 189 259 280 476 385 483 350 224 252 413 329 301 329 357 301 329 399 364 350 364 91 56 63 133 140 210 168 140 266 147 161 126 161 168 133 175 147 126 161 203
 273 315 371 420 154 203 126 63 378 210 175 350 252 280 357 203 126 140 126 322 357 399 476 448 483 329 238 287 434 280 203 273 357 441 441 84 231 301 476 308 399 294 350 245 77 0 70 84 140 315 336 175 273 406 462 434 329 280 217 147 182 168 231 224 469 371 546 385 245 252 413 385 364 392 420 329 357 413 385 385 371 91 112 133 210 210 280 168 189 245 224 231 203 224 231 203 245 224 196 238 245
 238 329 336 413 189 217 91 91 329 154 105 329 266 329 392 252 182 140 56 266 364 413 483 427 469 315 217 266 406 224 161 210 315 399 392 49 266 357 476 315 420 329 385 294 126 70 0 42 84 280 287 161 266 392 448 441 350 287 245 168 224 112 161 154 406 308 546 357 210 203 350 392 371 399 427 301 329 371 350 364 329 77 140 175 245 266 301 126 196 175 266 259 238 238 252 224 273 259 224 273 238
 196 287 301 371 154 175 49 63 301 133 105 287 224 294 350 224 161 98 56 245 315 371 441 385 427 273 175 224 364 196 126 196 280 364 364 98 231 336 434 266 378 287 350 266 112 84 42 0 119 238 252 119 224 350 406 399 308 245 203 126 196 91 154 175 385 294 504 315 175 168 329 350 329 357 385 259 287 336 308 322 294 35 105 147 210 245 259 91 147 161 231 217 196 196 210 189 231 224 189 238 196
 280 413 378 483 273 294 161 175 350 175 98 385 343 413 469 336 266 217 84 273 434 490 560 476 532 378 280 329 448 245 210 203 350 420 399 63 350 441 546 385 497 413 469 378 210 140 84 119 0 322 308 231 336 448 511 511 434 364 322 252 308 147 147 91 399 301 616 406 259 231 357 462 448 476 497 350 371 399 385 413 357 161 224 259 329 350 385 182 273 175 350 343 322 322 336 308 357 343 308 357 308
 42 224 56 196 252 196 189 259 105 147 224 84 196 343 315 322 315 196 245 126 189 259 301 154 224 119 98 84 126 105 119 175 56 140 168 329 266 413 259 161 280 294 350 343 294 315 280 238 322 0 77 140 133 147 203 252 266 168 245 231 294 175 210 308 238 182 329 84 70 91 161 217 210 238 252 35 49 105 70 91 77 224 238 273 280 364 245 154 168 182 301 245 259 203 224 224 238 266 238 287 119
 84 301 98 266 308 259 210 294 42 133 210 161 266 413 392 378 364 238 238 56 266 336 371 196 287 196 161 154 154 63 133 126 49 112 112 329 336 483 329 238 357 364 427 406 329 336 287 252 308 77 0 189 210 210 266 322 343 245 308 280 350 175 175 273 161 105 392 140 112 84 91 294 287 315 329 112 112 91 91 154 49 252 287 329 343 420 315 168 231 140 364 315 322 273 294 287 308 336 301 357 189
 105 189 196 252 126 91 70 119 231 119 161 168 126 245 266 203 182 56 147 196 203 266 329 273 308 154 63 105 259 147 70 189 196 280 294 210 168 308 315 154 273 217 280 231 154 175 161 119 231 140 189 0 112 231 287 280 217 133 140 91 168 105 182 252 343 259 385 203 77 112 273 238 217 252 273 154 182 245 210 210 210 91 98 140 168 238 175 63 56 168 189 154 147 112 133 119 154 161 126 189 77
 126 98 161 147 154 84 175 210 238 210 266 98 63 210 189 203 224 133 252 245 98 154 224 196 210 56 63 49 203 203 154 266 182 259 301 315 140 287 210 49 175 161 217 217 224 273 266 224 336 133 210 112 0 140 189 175 140 35 119 140 182 210 273 357 364 308 280 147 112 175 294 126 112 140 161 112 140 224 182 140 203 189 168 182 161 245 112 168 84 252 175 119 140 84 98 112 112 147 126 161 28
 182 175 112 63 294 224 301 343 217 287 364 63 189 322 252 336 364 273 364 266 105 154 168 70 84 84 175 126 105 245 245 322 161 189 252 441 266 399 119 119 189 259 301 336 364 406 392 350 448 147 210 231 140 0 56 119 210 147 252 280 315 308 350 448 336 315 182 70 189 238 273 112 126 133 140 105 105 161 133 56 175 322 308 322 294 378 217 273 224 322 301 252 273 217 224 245 231 273 259 287 161
 238 203 161 63 343 273 357 399 266 350 420 126 231 350 266 371 406 322 427 322 126 154 140 84 28 133 231 182 133 308 301 378 217 224 294 497 301 427 77 161 182 287 315 371 413 462 448 406 511 203 266 287 189 56 0 105 231 189 294 329 357 364 406 504 378 364 126 119 245 294 315 119 140 140 126 168 154 203 182 112 224 378 357 371 329 413 245 329 273 378 336 287 315 259 266 287 266 308 301 315 210
 273 133 231 56 294 231 350 371 336 371 434 161 182 266 168 308 357 301 427 378 77 56 49 182 98 140 231 196 224 350 322 420 280 315 378 490 238 343 49 126 84 203 217 294 378 434 441 399 511 252 322 280 175 119 105 0 147 154 238 294 301 378 441 525 462 427 112 189 266 329 392 49 70 49 28 210 217 287 252 175 294 364 322 322 266 343 182 336 245 413 273 231 259 217 210 238 203 245 252 252 203
 266 42 280 168 175 133 280 266 371 336 378 203 91 119 49 161 224 210 357 385 105 91 168 280 238 154 196 189 308 343 280 399 315 378 427 399 98 196 196 105 77 56 91 147 259 329 350 308 434 266 343 217 140 210 231 147 0 105 112 189 161 329 399 469 504 441 252 252 245 308 427 112 91 98 119 238 259 343 308 245 336 273 217 196 133 203 49 280 168 385 126 98 126 112 98 126 77 112 126 105 161
 168 63 189 140 147 84 203 217 273 245 294 119 42 182 154 189 217 147 280 280 77 126 196 210 210 70 98 84 224 238 182 301 217 287 329 336 119 259 196 28 140 126 182 196 224 280 287 245 364 168 245 133 35 147 189 154 105 0 105 147 168 238 308 385 399 343 259 168 147 210 329 105 84 112 140 147 168 252 210 161 238 210 175 175 140 231 77 196 91 287 154 105 126 70 77 98 84 126 112 140 63
 224 112 280 238 56 49 182 154 350 259 287 217 63 105 147 84 119 112 252 336 168 196 273 315 308 175 147 168 329 287 210 329 301 378 413 287 28 175 287 133 189 84 147 98 147 217 245 203 322 245 308 140 119 252 294 238 112 105 0 77 63 238 315 371 469 392 350 266 196 252 399 189 168 189 217 231 259 343 301 259 315 168 105 84 35 126 63 196 84 308 56 14 21 42 28 21 35 28 14 49 126
 196 175 280 280 28 63 112 77 322 203 217 231 112 168 224 112 91 49 182 294 217 259 336 336 350 196 133 168 336 245 161 273 280 364 385 210 98 217 336 175 259 161 224 147 84 147 168 126 252 231 280 91 140 280 329 294 189 147 77 0 77 175 252 301 434 350 406 273 168 210 364 245 224 252 273 231 259 336 294 273 301 91 28 49 84 147 133 140 63 252 105 91 70 77 91 63 105 91 63 112 126
 266 168 336 301 49 98 189 133 392 280 294 280 126 98 182 28 63 126 252 371 231 252 329 378 371 238 196 224 385 322 238 357 350 427 455 259 63 140 343 196 238 119 168 70 105 182 224 196 308 294 350 168 182 315 357 301 161 168 63 77 0 252 329 371 511 427 406 322 238 287 441 252 231 252 273 287 315 392 357 322 364 161 91 49 28 70 119 217 126 329 42 70 42 98 91 70 91 56 56 56 175
 133 294 238 343 203 196 63 147 217 42 56 245 238 343 371 280 238 126 63 154 301 364 427 329 392 245 147 189 301 112 63 112 210 287 280 154 266 392 406 259 378 322 385 322 189 168 112 91 147 175 175 105 210 308 364 378 329 238 238 175 252 0 77 147 294 203 476 259 119 91 238 336 322 350 371 210 231 259 238 266 217 98 161 210 259 315 280 42 161 77 280 252 245 217 238 217 259 259 224 280 175
 168 371 259 392 287 273 140 217 203 63 56 287 308 420 448 364 315 210 105 126 364 434 490 357 434 301 210 245 322 112 119 56 217 280 252 189 343 476 462 322 448 399 462 399 259 231 161 154 147 210 175 182 273 350 406 441 399 308 315 252 329 77 0 98 252 154 525 294 168 112 210 399 385 413 434 245 259 266 259 301 224 175 245 287 336 392 357 119 238 28 357 329 322 294 315 294 336 343 308 364 245
 266 441 357 490 329 336 189 238 301 161 91 385 378 469 518 399 336 259 119 224 448 511 574 455 532 392 294 336 420 210 210 154 315 385 343 147 399 511 553 406 525 462 518 441 280 224 154 175 91 308 273 252 357 448 504 525 469 385 371 301 371 147 98 0 329 238 623 392 259 210 301 483 469 497 518 343 357 364 357 399 322 210 280 322 385 420 420 189 301 133 406 385 371 357 378 350 399 392 357 413 329
 245 462 231 399 462 420 350 434 126 252 308 308 427 574 553 539 518 392 350 147 413 483 504 294 399 350 322 315 245 196 280 196 189 154 84 434 497 644 455 392 511 525 588 567 476 469 406 385 399 238 161 343 364 336 378 462 504 399 469 434 511 294 252 329 0 98 504 266 273 231 70 441 441 462 469 259 245 175 203 280 168 392 434 483 504 581 476 308 385 231 525 476 483 434 455 448 469 497 462 518 350
 175 406 203 371 385 343 259 343 98 161 210 266 364 504 497 462 434 308 252 63 371 441 476 287 385 301 252 259 238 112 196 105 147 168 112 343 420 567 434 343 462 462 525 490 385 371 308 294 301 182 105 259 308 315 364 427 441 343 392 350 427 203 154 238 98 0 490 245 203 147 63 399 392 420 434 217 210 168 182 259 140 301 350 399 427 497 413 217 308 133 448 406 406 357 385 371 399 420 385 441 280
 357 238 294 133 406 343 455 483 392 462 532 238 294 364 259 413 469 413 532 448 189 161 84 210 105 231 329 287 259 427 413 504 343 350 420 595 343 434 70 238 175 308 308 399 483 546 546 504 616 329 392 385 280 182 126 112 252 259 350 406 406 476 525 623 504 490 0 252 364 413 448 161 182 154 133 287 280 329 308 238 350 469 434 434 378 448 287 434 357 504 378 336 371 329 322 350 315 357 357 357 308
 126 210 42 133 294 224 266 322 147 231 308 49 210 350 301 350 364 252 322 196 154 217 238 70 147 98 147 105 63 182 196 259 91 126 189 406 287 427 189 147 245 294 343 357 350 385 357 315 406 84 140 203 147 70 119 189 252 168 266 273 322 259 294 392 266 245 252 0 147 175 203 175 175 196 203 56 35 98 63 14 105 294 294 322 301 392 245 231 210 266 322 266 287 224 238 252 252 287 266 301 147
 28 210 126 224 196 147 119 189 154 105 175 126 161 301 301 266 252 126 182 140 196 266 322 210 273 133 49 77 189 91 56 154 119 203 224 259 224 371 294 154 280 259 322 294 224 245 210 175 259 70 112 77 112 189 245 266 245 147 196 168 238 119 168 259 273 203 364 147 0 63 203 231 217 245 266 91 112 175 140 147 133 154 175 217 231 308 210 84 112 147 252 203 210 161 182 175 203 224 189 245 84
 56 273 147 280 238 203 126 210 126 56 133 175 224 357 357 315 287 161 154 84 259 329 378 245 322 189 112 133 210 35 49 91 112 196 196 245 280 420 350 217 343 322 385 343 252 252 203 168 231 91 84 112 175 238 294 329 308 210 252 210 287 91 112 210 231 147 413 175 63 0 161 287 280 308 329 126 147 168 154 189 126 168 210 252 280 350 273 84 168 91 301 259 259 217 238 231 259 273 238 294 147
 175 392 161 336 399 350 287 371 56 196 259 238 357 504 483 469 448 322 301 84 343 413 441 238 343 280 252 245 189 133 217 154 112 105 49 392 427 574 392 322 441 455 511 497 413 413 350 329 357 161 91 273 294 273 315 392 427 329 399 364 441 238 210 301 70 63 448 203 203 161 0 371 371 392 406 189 175 112 140 217 98 329 371 413 434 511 406 245 315 182 455 406 413 357 378 378 399 420 392 441 280
 238 84 210 63 245 182 301 322 315 329 392 133 133 231 140 259 308 252 378 343 28 42 98 182 126 98 189 154 217 315 273 378 252 301 364 441 189 301 98 77 70 161 189 252 329 385 392 350 462 217 294 238 126 112 119 49 112 105 189 245 252 336 399 483 441 399 161 175 231 287 371 0 21 21 35 182 196 273 238 161 273 315 273 273 224 301 133 294 196 371 224 182 210 168 161 189 161 196 203 203 154
 224 63 210 77 224 161 287 301 308 315 378 133 112 210 126 238 287 231 364 336 21 49 112 196 147 91 175 140 224 301 259 371 252 301 364 420 168 287 119 63 70 147 175 231 301 364 371 329 448 210 287 217 112 126 140 70 91 84 168 224 231 322 385 469 441 392 182 175 217 280 371 21 0 28 56 175 196 273 238 161 273 294 252 252 196 280 112 273 175 364 203 161 189 147 140 168 133 175 182 182 140
 252 84 231 77 245 189 315 329 336 350 406 154 140 217 126 259 308 259 392 364 49 21 84 203 140 119 203 175 238 329 294 399 280 322 385 448 189 294 98 91 49 154 175 245 329 392 399 357 476 238 315 252 140 133 140 49 98 112 189 252 252 350 413 497 462 420 154 196 245 308 392 21 28 0 28 203 217 294 259 182 294 322 280 273 217 294 133 308 210 392 224 182 210 168 168 196 154 196 203 196 175
 273 105 245 77 273 217 343 350 343 371 427 168 168 238 140 280 336 287 420 378 70 28 56 203 126 133 224 189 238 350 315 420 287 329 392 476 210 308 77 119 56 175 189 266 357 420 427 385 497 252 329 273 161 140 126 28 119 140 217 273 273 371 434 518 469 434 133 203 266 329 406 35 56 28 0 217 224 301 266 189 301 350 308 301 245 322 154 329 231 413 245 203 238 196 189 217 182 224 231 224 196
 77 203 49 161 252 189 210 273 133 182 259 49 175 329 294 315 322 203 266 161 154 224 259 119 189 91 98 63 105 140 147 210 77 147 189 350 252 399 224 133 252 273 329 329 301 329 301 259 350 35 112 154 112 105 168 210 238 147 231 231 287 210 245 343 259 217 287 56 91 126 189 182 175 203 217 0 28 112 70 63 91 238 245 280 273 357 224 175 168 217 287 238 252 189 210 217 224 259 231 273 112
 91 224 21 161 280 217 238 301 119 203 280 63 203 350 308 343 350 231 294 161 168 238 266 98 182 105 126 91 77 147 168 224 63 119 168 378 280 427 224 154 266 294 350 357 329 357 329 287 371 49 112 182 140 105 154 217 259 168 259 259 315 231 259 357 245 210 280 35 112 147 175 196 196 217 224 28 0 84 42 49 77 266 273 308 301 385 245 196 196 231 315 259 280 217 238 245 252 280 259 301 140
 140 308 63 231 357 294 287 364 70 224 301 140 287 434 392 420 420 301 329 147 252 315 329 119 224 189 203 175 70 154 210 217 56 35 91 420 364 511 280 238 343 378 434 441 399 413 371 336 399 105 91 245 224 161 203 287 343 252 343 336 392 259 266 364 175 168 329 98 175 168 112 273 273 294 301 112 84 0 42 112 42 322 343 378 378 462 329 245 273 238 399 343 357 301 322 322 336 364 343 385 217
 112 266 28 196 322 259 259 329 84 210 287 105 245 399 357 385 385 266 308 147 210 280 301 105 203 154 161 133 63 147 182 210 42 77 126 392 322 469 252 203 308 343 392 399 364 385 350 308 385 70 91 210 182 133 182 252 308 210 301 294 357 238 259 357 203 182 308 63 140 154 140 238 238 259 266 70 42 42 0 77 42 294 308 343 343 427 294 217 238 224 357 308 322 259 280 287 294 329 301 343 182
 133 203 56 119 294 224 266 322 161 245 322 42 203 343 287 343 357 252 329 210 140 203 224 63 133 91 147 105 63 196 203 266 105 140 203 413 280 420 175 140 231 287 329 357 350 385 364 322 413 91 154 210 140 56 112 175 245 161 259 273 322 266 301 399 280 259 238 14 147 189 217 161 161 182 189 63 49 112 77 0 119 294 294 315 301 385 238 238 210 273 315 259 280 224 238 245 245 280 266 294 147
 105 294 63 238 329 266 245 322 42 182 259 140 266 413 385 392 385 266 280 105 245 315 343 147 245 182 168 154 105 112 168 175 21 70 98 371 343 490 294 231 343 364 420 413 364 371 329 294 357 77 49 210 203 175 224 294 336 238 315 301 364 217 224 322 168 140 350 105 133 126 98 273 273 294 301 91 77 42 42 119 0 287 308 350 350 434 315 203 245 189 371 322 336 280 294 301 315 343 315 364 196
 182 252 280 336 119 140 42 42 294 140 133 259 189 259 315 189 140 63 91 245 280 336 406 357 399 238 147 196 343 196 119 210 266 357 357 126 189 301 399 231 336 252 315 231 91 91 77 35 161 224 252 91 189 322 378 364 273 210 168 91 161 98 175 210 392 301 469 294 154 168 329 315 294 322 350 238 266 322 294 294 287 0 70 112 175 217 224 84 112 182 196 182 161 161 175 147 196 182 154 203 161
 210 203 294 308 49 91 98 49 329 196 203 252 140 189 252 119 77 49 161 294 245 287 364 357 378 224 147 189 350 245 161 266 294 378 392 182 126 231 364 203 287 189 245 161 56 112 140 105 224 238 287 98 168 308 357 322 217 175 105 28 91 161 245 280 434 350 434 294 175 210 371 273 252 280 308 245 273 343 308 294 308 70 0 49 105 147 168 133 84 238 126 119 98 112 119 91 133 119 91 133 147
 245 196 322 315 28 98 147 84 371 245 245 273 140 147 224 77 42 91 203 336 252 280 357 378 385 238 182 217 378 287 203 315 329 413 434 210 98 189 371 210 273 161 210 119 63 133 175 147 259 273 329 140 182 322 371 322 196 175 84 49 49 210 287 322 483 399 434 322 217 252 413 273 252 273 301 280 308 378 343 315 350 112 49 0 70 105 147 182 112 287 91 98 70 112 112 84 119 91 70 105 168
 259 140 315 273 56 84 196 154 378 280 301 252 98 84 154 42 98 126 266 364 203 217 301 357 343 210 182 203 364 315 238 357 336 413 448 280 28 140 315 168 210 91 140 63 133 210 245 210 329 280 343 168 161 294 329 266 133 140 35 84 28 259 336 385 504 427 378 301 231 280 434 224 196 217 245 273 301 378 343 301 350 175 105 70 0 91 91 224 112 329 21 42 21 77 63 56 63 21 42 28 161
 336 217 406 357 112 168 252 182 462 343 350 343 189 98 203 42 84 189 301 434 287 294 371 441 427 301 266 294 455 385 301 420 420 497 525 294 112 91 392 259 280 147 168 56 140 210 266 245 350 364 420 238 245 378 413 343 203 231 126 147 70 315 392 420 581 497 448 392 308 350 511 301 280 294 322 357 385 462 427 385 434 217 147 105 91 0 168 280 196 392 77 126 105 168 154 140 147 105 126 98 245
 238 49 266 189 126 84 231 217 350 294 336 196 49 105 91 126 182 161 308 350 119 133 210 287 259 147 161 161 301 308 238 357 294 364 413 343 56 182 231 98 126 49 112 119 210 280 301 259 385 245 315 175 112 217 245 182 49 77 63 133 119 280 357 420 476 413 287 245 210 273 406 133 112 133 154 224 245 329 294 238 315 224 168 147 91 168 0 238 119 343 91 49 84 63 49 77 28 63 77 70 126
 105 252 210 301 175 154 42 126 210 63 98 203 189 301 329 252 210 91 98 161 259 322 385 301 350 203 105 147 273 112 35 133 189 273 273 175 231 357 364 210 336 280 343 287 168 168 126 91 182 154 168 63 168 273 329 336 280 196 196 140 217 42 119 189 308 217 434 231 84 84 245 294 273 308 329 175 196 245 217 238 203 84 133 182 224 280 238 0 119 112 245 210 203 175 196 175 217 224 189 245 133
 147 140 217 231 84 35 112 126 266 175 217 168 77 189 210 154 154 56 189 252 168 217 294 273 294 140 70 105 273 203 126 245 224 308 336 245 112 259 287 119 224 161 224 182 140 189 196 147 273 168 231 56 84 224 273 245 168 91 84 63 126 161 238 301 385 308 357 210 112 168 315 196 175 210 231 168 196 273 238 210 245 112 84 112 112 196 119 119 0 224 133 98 98 56 77 63 98 112 77 133 63
 147 350 231 371 280 259 140 224 175 49 77 259 294 413 434 357 315 203 119 98 343 413 462 329 406 280 189 224 287 77 105 28 189 252 224 210 336 469 434 301 427 385 448 399 266 245 175 161 175 182 140 168 252 322 378 413 385 287 308 252 329 77 28 133 231 133 504 266 147 91 182 371 364 392 413 217 231 238 224 273 189 182 238 287 329 392 343 112 224 0 357 322 315 280 301 287 322 336 294 357 224
 280 140 336 280 77 105 217 175 399 308 322 266 112 63 147 35 105 154 287 385 210 217 294 364 350 224 203 224 378 336 259 378 350 434 462 301 35 119 322 182 210 77 126 42 147 224 266 231 350 301 364 189 175 301 336 273 126 154 56 105 42 280 357 406 525 448 378 322 252 301 455 224 203 224 245 287 315 399 357 315 371 196 126 91 21 77 91 245 133 357 0 56 42 98 77 77 70 28 63 21 182
 231 98 280 231 77 63 196 168 350 273 301 217 63 98 133 84 133 126 273 343 161 182 259 315 301 168 154 168 329 294 217 343 301 378 413 301 21 168 273 126 175 70 133 98 161 231 259 217 343 245 315 154 119 252 287 231 98 105 14 91 70 252 329 385 476 406 336 266 203 259 406 182 161 182 203 238 259 343 308 259 322 182 119 98 42 126 49 210 98 322 56 0 28 42 28 35 21 21 28 42 126
 238 126 301 259 49 63 182 147 364 266 287 238 84 98 154 63 98 112 252 343 189 210 294 336 329 196 161 182 343 294 217 336 315 392 427 273 28 161 308 154 203 91 154 84 126 203 238 196 322 259 322 147 140 273 315 259 126 126 21 70 42 245 322 371 483 406 371 287 210 259 413 210 189 210 238 252 280 357 322 280 336 161 98 70 21 105 84 203 98 315 42 28 0 63 49 35 56 21 21 42 140
 189 91 238 210 77 21 168 161 308 231 266 175 28 140 154 119 147 98 245 294 140 175 252 280 280 133 112 126 287 252 175 301 259 336 371 287 63 210 259 98 182 105 168 140 161 224 238 196 322 203 273 112 84 217 259 217 112 70 42 77 98 217 294 357 434 357 329 224 161 217 357 168 147 168 196 189 217 301 259 224 280 161 112 112 77 168 63 175 56 280 98 42 63 0 21 28 42 63 42 84 84
 210 84 259 210 84 42 182 168 329 252 287 189 35 119 140 112 147 119 259 322 140 168 252 287 280 147 133 147 301 273 203 322 280 357 392 301 42 196 259 105 168 84 147 119 168 231 252 210 336 224 294 133 98 224 266 210 98 77 28 91 91 238 315 378 455 385 322 238 182 238 378 161 140 168 189 210 238 322 280 238 294 175 119 112 63 154 49 196 77 301 77 28 49 21 0 28 21 49 35 63 105
 203 112 266 238 56 28 161 140 329 238 266 203 56 126 161 98 119 91 238 308 168 203 280 308 308 161 126 147 315 266 189 308 280 357 392 273 49 196 287 126 196 105 168 119 133 203 224 189 308 224 287 119 112 245 287 238 126 98 21 63 70 217 294 350 448 371 350 252 175 231 378 189 168 196 217 217 245 322 287 245 301 147 91 84 56 140 77 175 63 287 77 35 35 28 28 0 49 49 14 70 105
 224 77 266 210 91 63 203 189 343 273 308 203 42 105 119 105 154 140 280 336 140 161 238 294 280 154 147 161 308 294 224 343 294 364 406 315 35 182 252 112 154 63 126 112 175 245 273 231 357 238 308 154 112 231 266 203 77 84 35 105 91 259 336 399 469 399 315 252 203 259 399 161 133 154 182 224 252 336 294 245 315 196 133 119 63 147 28 217 98 322 70 21 56 42 21 49 0 42 49 56 119
 252 112 301 252 70 77 203 168 371 287 308 238 84 84 133 63 119 133 273 357 182 196 273 336 322 196 175 189 350 308 231 357 322 399 434 301 7 147 294 147 189 70 126 77 147 224 259 224 343 266 336 161 147 273 308 245 112 126 28 91 56 259 343 392 497 420 357 287 224 273 420 196 175 196 224 259 280 364 329 280 343 182 119 91 21 105 63 224 112 336 28 21 21 63 49 49 42 0 35 21 147
 217 119 280 252 42 42 168 140 343 245 273 217 70 119 161 84 112 98 238 322 182 210 287 322 315 175 147 168 329 273 196 322 294 378 406 266 42 182 294 140 203 105 161 105 126 196 224 189 308 238 301 126 126 259 301 252 126 112 14 63 56 224 308 357 462 385 357 266 189 238 392 203 182 203 231 231 259 343 301 266 315 154 91 70 42 126 77 189 77 294 63 28 21 42 35 14 49 35 0 56 119
 273 119 322 259 84 98 224 182 392 308 329 252 98 63 126 56 126 154 294 378 189 196 273 350 329 210 196 210 364 329 252 378 343 420 455 315 21 126 294 161 182 56 112 56 161 238 273 238 357 287 357 189 161 287 315 252 105 140 49 112 56 280 364 413 518 441 357 301 245 294 441 203 182 196 224 273 301 385 343 294 364 203 133 105 28 98 70 245 133 357 21 42 42 84 63 70 56 21 56 0 168
 105 126 154 175 147 77 147 182 224 175 238 105 77 224 210 203 210 112 224 224 126 189 252 210 238 77 35 42 210 175 119 238 175 252 287 287 147 294 238 77 203 175 238 224 203 245 238 196 308 119 189 77 28 161 210 203 161 63 126 126 175 175 245 329 350 280 308 147 84 147 280 154 140 175 196 112 140 217 182 147 196 161 147 168 161 245 126 133 63 224 182 126 140 84 105 105 119 147 119 168 0
 0 99 45 96 96 75 63 96 54 48 78 51 78 141 135 126 123 69 84 48 87 117 138 84 114 57 33 36 72 33 30 63 36 75 81 123 108 171 126 72 126 123 147 138 111 117 102 84 120 18 36 45 54 78 102 117 114 72 96 84 114 57 72 114 105 75 153 54 12 24 75 102 96 108 117 33 39 60 48 57 45 78 90 105 111 144 102 45 63 63 120 99 102 81 90 87 96 108 93 117 45
 99 0 102 60 72 48 108 108 141 129 150 69 27 63 39 75 99 81 141 147 30 36 69 105 90 48 69 63 114 129 105 156 117 144 168 162 45 96 75 27 36 36 54 72 108 135 141 123 177 96 129 81 42 75 87 57 18 27 48 75 72 126 159 189 198 174 102 90 90 117 168 36 27 36 45 87 96 132 114 87 126 108 87 84 60 93 21 108 60 150 60 42 54 39 36 48 33 48 51 51 54
 45 102 0 75 129 102 105 135 45 87 120 33 96 159 141 153 156 105 129 66 81 108 120 42 81 54 63 48 27 63 75 93 21 42 66 165 129 192 99 75 120 135 159 162 147 159 144 129 162 24 42 84 69 48 69 99 120 81 120 120 144 102 111 153 99 87 126 18 54 63 69 90 90 99 105 21 9 27 12 24 27 120 126 138 135 174 114 90 93 99 144 120 129 102 111 114 114 129 120 138 66
 96 60 75 0 123 96 138 153 120 141 171 48 75 123 87 135 153 120 171 138 30 42 45 54 30 42 84 66 72 129 120 159 96 108 138 198 105 156 27 48 54 96 108 132 156 180 177 159 207 84 114 108 63 27 27 24 72 60 102 120 129 147 168 210 171 159 57 57 96 120 144 27 33 33 33 69 69 99 84 51 102 144 132 135 117 153 81 129 99 159 120 99 111 90 90 102 90 108 108 111 75
 96 72 129 123 0 30 63 42 150 102 105 105 48 60 87 33 30 33 90 138 96 108 141 150 153 90 66 81 150 117 81 132 132 168 177 99 33 81 144 75 105 60 84 48 36 66 81 66 117 108 132 54 66 126 147 126 75 63 24 12 21 87 123 141 198 165 174 126 84 102 171 105 96 105 117 108 120 153 138 126 141 51 21 12 24 48 54 75 36 120 33 33 21 33 36 24 39 30 18 36 63
 75 48 102 96 30 0 63 60 126 90 105 75 21 66 75 54 60 33 96 120 66 84 117 120 123 60 42 51 123 102 69 120 108 141 156 114 33 96 117 48 87 54 81 63 63 87 93 75 126 84 111 39 36 96 117 99 57 36 21 27 42 84 117 144 180 147 147 96 63 87 150 78 69 81 93 81 93 126 111 96 114 60 39 42 36 72 36 66 15 111 45 27 27 9 18 12 27 33 18 42 33
 63 108 105 138 63 63 0 36 108 42 45 102 81 120 138 96 75 30 33 87 117 141 171 141 162 96 54 75 135 66 33 72 99 135 138 63 90 141 165 96 144 114 141 111 54 54 39 21 69 81 90 30 75 129 153 150 120 87 78 48 81 27 60 81 150 111 195 114 51 54 123 129 123 135 147 90 102 123 111 114 105 18 42 63 84 108 99 18 48 60 93 84 78 72 78 69 87 87 72 96 63
 96 108 135 153 42 60 36 0 144 78 72 123 81 99 129 69 42 30 54 123 126 144 177 168 180 111 75 96 162 102 69 108 132 168 171 57 75 114 177 105 144 102 126 87 18 27 39 27 75 111 126 51 90 147 171 159 114 93 66 33 57 63 93 102 186 147 207 138 81 90 159 138 129 141 150 117 129 156 141 138 138 18 21 36 66 78 93 54 54 96 75 72 63 69 72 60 81 72 60 78 78
 54 141 45 120 150 126 108 144 0 75 105 75 129 192 180 180 174 120 120 33 123 153 165 81 123 96 84 81 60 45 75 66 24 33 27 159 159 222 144 114 165 171 195 192 162 162 141 129 150 45 18 99 102 93 114 144 159 117 150 138 168 93 87 129 54 42 168 63 66 54 24 135 132 144 147 57 51 30 36 69 18 126 141 159 162 198 150 90 114 75 171 150 156 132 141 141 147 159 147 168 96
 48 129 87 141 102 90 42 78 75 0 33 96 105 156 165 135 117 66 45 48 129 156 180 129 159 102 63 75 114 30 24 30 72 105 99 84 123 180 171 108 162 144 171 150 99 90 66 57 75 63 57 51 90 123 150 159 144 105 111 87 120 18 27 69 108 69 198 99 45 24 84 141 135 150 159 78 87 96 90 105 78 60 84 105 120 147 126 27 75 21 132 117 114 99 108 102 117 123 105 132 75
 78 150 120 171 105 105 45 72 105 33 0 126 123 165 183 138 114 75 21 75 153 180 207 162 192 129 87 105 150 63 51 48 105 138 129 57 135 186 198 135 186 159 186 156 90 75 45 45 42 96 90 69 114 156 180 186 162 126 123 93 126 24 24 39 132 90 228 132 75 57 111 168 162 174 183 111 120 129 123 138 111 57 87 105 129 150 144 42 93 33 138 129 123 114 123 114 132 132 117 141 102
 51 69 33 48 105 75 102 123 75 96 126 0 66 129 108 129 135 90 129 90 48 75 90 45 63 21 48 27 48 81 75 111 51 75 99 162 102 162 75 42 87 105 126 132 132 150 141 123 165 36 69 72 42 27 54 69 87 51 93 99 120 105 123 165 132 114 102 21 54 75 102 57 57 66 72 21 27 60 45 18 60 111 108 117 108 147 84 87 72 111 114 93 102 75 81 87 87 102 93 108 45
 78 27 96 75 48 21 81 81 129 105 123 66 0 63 60 63 75 54 114 129 48 63 96 108 105 48 48 48 114 108 81 132 105 138 156 135 33 96 99 30 66 42 69 66 81 108 114 96 147 84 114 54 27 81 99 78 39 18 27 48 54 102 132 162 183 156 126 90 69 96 153 57 48 60 72 75 87 123 105 87 114 81 60 60 42 81 21 81 33 126 48 27 36 12 15 24 18 36 30 42 33
 141 63 159 123 60 66 120 99 192 156 165 129 63 0 48 33 66 90 150 189 96 90 120 168 153 108 108 111 177 168 135 186 171 201 219 156 33 33 135 87 81 27 33 18 87 120 141 126 177 147 177 105 90 138 150 114 51 78 45 72 42 147 180 201 246 216 156 150 129 153 216 99 90 93 102 141 150 186 171 147 177 111 81 63 36 42 45 129 81 177 27 42 42 60 51 54 45 36 51 27 96
 135 39 141 87 87 75 138 129 180 165 183 108 60 48 0 75 105 108 171 186 63 48 75 138 114 87 105 102 150 168 141 192 156 183 204 186 54 75 93 66 36 27 21 63 123 153 168 150 201 135 168 114 81 108 114 72 21 66 63 96 78 159 192 222 237 213 111 129 129 153 207 60 54 54 60 126 132 168 153 123 165 135 108 96 66 87 39 141 90 186 63 57 66 66 60 69 51 57 69 54 90
 126 75 153 135 33 54 96 69 180 135 138 129 63 33 75 0 33 66 120 171 105 108 141 171 165 108 96 105 174 150 114 165 162 195 210 123 30 48 153 90 105 48 63 18 54 87 108 96 144 138 162 87 87 144 159 132 69 81 36 48 12 120 156 171 231 198 177 150 114 135 201 111 102 111 120 135 147 180 165 147 168 81 51 33 18 18 54 108 66 153 15 36 27 51 48 42 45 27 36 24 87
 123 99 156 153 30 60 75 42 174 117 114 135 75 66 105 33 0 54 96 159 123 135 168 180 183 120 96 111 180 138 102 147 159 195 204 90 54 75 174 105 132 78 96 51 24 54 78 69 114 135 156 78 96 156 174 153 96 93 51 39 27 102 135 144 222 186 201 156 108 123 192 132 123 132 144 138 150 180 165 153 165 60 33 18 42 36 78 90 66 135 45 57 42 63 63 51 66 51 48 54 90
 69 81 105 120 33 33 30 30 120 66 75 90 54 90 108 66 54 0 63 105 96 117 147 135 147 81 45 63 132 84 48 99 105 141 150 81 60 114 147 75 120 84 111 84 42 60 60 42 93 84 102 24 57 117 138 129 90 63 48 21 54 54 90 111 168 132 177 108 54 69 138 108 99 111 123 87 99 129 114 108 114 27 21 39 54 81 69 39 24 87 66 54 48 42 51 39 60 57 42 66 48
 84 141 129 171 90 96 33 54 120 45 21 129 114 150 171 120 96 63 0 90 150 174 204 168 192 126 84 105 156 75 54 66 117 150 144 39 120 168 198 129 177 147 174 138 72 54 24 24 36 105 102 63 108 156 183 183 153 120 108 78 108 27 45 51 150 108 228 138 78 66 129 162 156 168 180 114 126 141 132 141 120 39 69 87 114 129 132 42 81 51 123 117 108 105 111 102 120 117 102 126 96
 48 147 66 138 138 120 87 123 33 48 75 90 129 189 186 171 159 105 90 0 135 165 183 108 147 105 81 84 90 21 57 33 45 66 54 129 153 216 165 120 174 171 198 183 141 138 114 105 117 54 24 84 105 114 138 162 165 120 144 126 159 66 54 96 63 27 192 84 60 36 36 147 144 156 162 69 69 63 63 90 45 105 126 144 156 186 150 69 108 42 165 147 147 126 138 132 144 153 138 162 96
 87 30 81 30 96 66 117 126 123 129 153 48 48 96 63 105 123 96 150 135 0 30 54 75 60 30 66 51 87 120 105 150 99 120 144 177 75 129 51 21 39 66 84 105 129 153 156 135 186 81 114 87 42 45 54 33 45 33 72 93 99 129 156 192 177 159 81 66 84 111 147 12 9 21 30 66 72 108 90 60 105 120 105 108 87 123 51 111 72 147 90 69 81 60 60 72 60 78 78 81 54
 117 36 108 42 108 84 141 144 153 156 180 75 63 90 48 108 135 117 174 165 30 0 33 96 66 60 96 81 111 150 132 180 129 147 174 198 81 120 45 48 12 63 69 102 144 171 177 159 210 111 144 114 66 66 66 24 39 54 84 111 108 156 186 219 207 189 69 93 114 141 177 18 21 9 12 96 102 135 120 87 135 144 123 120 93 126 57 138 93 177 93 78 90 75 72 87 69 84 90 84 81
 138 69 120 45 141 117 171 177 165 180 207 90 96 120 75 141 168 147 204 183 54 33 0 96 54 81 120 105 114 171 159 201 141 153 183 228 114 150 27 75 39 96 96 135 177 204 207 189 240 129 159 141 96 72 60 21 72 84 117 144 141 183 210 246 216 204 36 102 138 162 189 42 48 36 24 111 114 141 129 96 147 174 156 153 129 159 90 165 126 198 126 111 126 108 108 120 102 117 123 117 108
 84 105 42 54 150 120 141 168 81 129 162 45 108 168 138 171 180 135 168 108 75 96 96 0 45 63 90 72 21 105 114 135 63 60 90 204 141 201 72 81 108 141 159 174 177 192 183 165 204 66 84 117 84 30 36 78 120 90 135 144 162 141 153 195 126 123 90 30 90 105 102 78 84 87 87 51 42 51 45 27 63 153 153 162 153 189 123 129 117 141 156 135 144 120 123 132 126 144 138 150 90
 114 90 81 30 153 123 162 180 123 159 192 63 105 153 114 165 183 147 192 147 60 66 54 45 0 66 108 87 66 141 141 171 102 105 135 225 135 186 27 75 78 126 135 162 186 207 201 183 228 96 123 132 90 36 12 42 102 90 132 150 159 168 186 228 171 165 45 63 117 138 147 54 63 60 54 81 78 96 87 57 105 171 162 165 147 183 111 150 126 174 150 129 141 120 120 132 120 138 135 141 102
 57 48 54 42 90 60 96 111 96 102 129 21 48 108 87 108 120 81 126 105 30 60 81 63 66 0 42 24 66 90 78 120 69 96 117 156 81 141 69 21 69 84 105 114 120 141 135 117 162 51 84 66 24 36 57 60 66 30 75 84 102 105 129 168 150 129 99 42 57 81 120 42 39 51 57 39 45 81 66 39 78 102 96 102 90 129 63 87 60 120 96 72 84 57 63 69 66 84 75 90 33
 33 69 63 84 66 42 54 75 84 63 87 48 48 108 105 96 96 45 84 81 66 96 120 90 108 42 0 21 87 63 39 87 66 102 114 117 75 138 114 48 102 90 117 105 87 102 93 75 120 42 69 27 27 75 99 99 84 42 63 57 84 63 90 126 138 108 141 63 21 48 108 81 75 87 96 42 54 87 69 63 72 63 63 78 78 114 69 45 30 81 87 66 69 48 57 54 63 75 63 84 15
 36 63 48 66 81 51 75 96 81 75 105 27 48 111 102 105 111 63 105 84 51 81 105 72 87 24 21 0 72 69 54 99 57 90 108 135 81 144 93 36 90 90 114 114 105 123 114 96 141 36 66 45 21 54 78 84 81 36 72 72 96 81 105 144 135 111 123 45 33 57 105 66 60 75 81 27 39 75 57 45 66 84 81 93 87 126 69 63 45 96 96 72 78 54 63 63 69 81 72 90 18
 72 114 27 72 150 123 135 162 60 114 150 48 114 177 150 174 180 132 156 90 87 111 114 21 66 66 87 72 0 90 102 120 45 39 69 195 147 210 90 87 123 150 171 180 174 186 174 156 192 54 66 111 87 45 57 96 132 96 141 144 165 129 138 180 105 102 111 27 81 90 81 93 96 102 102 45 33 30 27 27 45 147 150 162 156 195 129 117 117 123 162 141 147 123 129 135 132 150 141 156 90
 33 129 63 129 117 102 66 102 45 30 63 81 108 168 168 150 138 84 75 21 120 150 171 105 141 90 63 69 90 0 36 30 45 75 72 114 135 195 156 105 159 153 177 162 120 120 96 84 105 45 27 63 87 105 132 150 147 102 123 105 138 48 48 90 84 48 183 78 39 15 57 135 129 141 150 60 63 66 63 84 48 84 105 123 135 165 132 48 87 33 144 126 126 108 117 114 126 132 117 141 75
 30 105 75 120 81 69 33 69 75 24 51 75 81 135 141 114 102 48 54 57 105 132 159 114 141 78 39 54 102 36 0 51 66 102 105 90 102 162 147 84 138 123 150 129 87 87 69 54 90 51 57 30 66 105 129 138 120 78 90 69 102 27 51 90 120 84 177 84 24 21 93 117 111 126 135 63 72 90 78 87 72 51 69 87 102 129 102 15 54 45 111 93 93 75 87 81 96 99 84 108 51
 63 156 93 159 132 120 72 108 66 30 48 111 132 186 192 165 147 99 66 33 150 180 201 135 171 120 87 99 120 30 51 0 75 99 84 102 153 213 186 132 186 174 201 180 126 117 90 84 87 75 54 81 114 138 162 180 171 129 141 117 153 48 24 66 84 45 216 111 66 39 66 162 159 171 180 90 96 93 90 114 75 90 114 135 153 180 153 57 105 12 162 147 144 129 138 132 147 153 138 162 102
 36 117 21 96 132 108 99 132 24 72 105 51 105 171 156 162 159 105 117 45 99 129 141 63 102 69 66 57 45 45 66 75 0 36 48 156 138 201 123 90 138 147 171 171 147 153 135 120 150 24 21 84 78 69 93 120 135 93 129 120 150 90 93 135 81 63 147 39 51 48 48 108 108 120 123 33 27 24 18 45 9 114 126 141 144 180 126 81 96 81 150 129 135 111 120 120 126 138 126 147 75
 75 144 42 108 168 141 135 168 33 105 138 75 138 201 183 195 195 141 150 66 120 147 153 60 105 96 102 90 39 75 102 99 36 0 30 189 171 234 129 117 159 177 201 204 183 189 171 156 180 60 48 120 111 81 96 135 162 123 162 156 183 123 120 165 66 72 150 54 87 84 45 129 129 138 141 63 51 15 33 60 30 153 162 177 177 213 156 117 132 108 186 162 168 144 153 153 156 171 162 180 108
 81 168 66 138 177 156 138 171 27 99 129 99 156 219 204 210 204 150 144 54 144 174 183 90 135 117 114 108 69 72 105 84 48 30 0 183 186 249 159 138 186 198 222 219 189 189 168 156 171 72 48 126 129 108 126 162 183 141 177 165 195 120 108 147 36 48 180 81 96 84 21 156 156 165 168 81 72 39 54 87 42 153 168 186 192 225 177 117 144 96 198 177 183 159 168 168 174 186 174 195 123
 123 162 165 198 99 114 63 57 159 84 57 162 135 156 186 123 90 81 39 129 177 198 228 204 225 156 117 135 195 114 90 102 156 189 183 0 132 165 225 156 198 159 183 141 66 36 21 42 27 141 141 90 135 189 213 210 171 144 123 90 111 66 81 63 186 147 255 174 111 105 168 189 180 192 204 150 162 180 168 177 159 54 78 90 120 126 147 75 105 90 129 129 117 123 129 117 135 129 114 135 123
 108 45 129 105 33 33 90 75 159 123 135 102 33 33 54 30 54 60 120 153 75 81 114 141 135 81 75 81 147 135 102 153 138 171 186 132 0 63 123 63 78 27 51 33 69 99 114 99 150 114 144 72 60 114 129 102 42 51 12 42 27 114 147 171 213 180 147 123 96 120 183 81 72 81 90 108 120 156 138 120 147 81 54 42 12 48 24 99 48 144 15 9 12 27 18 21 15 3 18 9 63
 171 96 192 156 81 96 141 114 222 180 186 162 96 33 75 48 75 114 168 216 129 120 150 201 186 141 138 144 210 195 162 213 201 234 249 165 63 0 165 120 111 60 54 33 99 129 153 144 189 177 207 132 123 171 183 147 84 111 75 93 60 168 204 219 276 243 186 183 159 180 246 129 123 126 132 171 183 219 201 180 210 129 99 81 60 39 78 153 111 201 51 72 69 90 84 84 78 63 78 54 126
 126 75 99 27 144 117 165 177 144 171 198 75 99 135 93 153 174 147 198 165 51 45 27 72 27 69 114 93 90 156 147 186 123 129 159 225 123 165 0 72 57 108 114 147 180 204 204 186 234 111 141 135 90 51 33 21 84 84 123 144 147 174 198 237 195 186 30 81 126 150 168 42 51 42 33 96 96 120 108 75 126 171 156 159 135 168 99 156 123 186 138 117 132 111 111 123 108 126 126 126 102
 72 27 75 48 75 48 96 105 114 108 135 42 30 87 66 90 105 75 129 120 21 48 75 81 75 21 48 36 87 105 84 132 90 117 138 156 63 120 72 0 54 63 84 93 108 132 135 114 165 69 102 66 21 51 69 54 45 12 57 75 84 111 138 174 168 147 102 63 66 93 138 33 27 39 51 57 66 102 87 60 99 99 87 90 72 111 42 90 51 129 78 54 66 42 45 54 48 63 60 69 33
 126 36 120 54 105 87 144 144 165 162 186 87 66 81 36 105 132 120 177 174 39 12 39 108 78 69 102 90 123 159 138 186 138 159 186 198 78 111 57 54 0 57 57 96 144 171 180 162 213 120 153 117 75 81 78 36 33 60 81 111 102 162 192 225 219 198 75 105 120 147 189 30 30 21 24 108 114 147 132 99 147 144 123 117 90 120 54 144 96 183 90 75 87 78 72 84 66 81 87 78 87
 123 36 135 96 60 54 114 102 171 144 159 105 42 27 27 48 78 84 147 171 66 63 96 141 126 84 90 90 150 153 123 174 147 177 198 159 27 60 108 63 57 0 27 39 96 126 141 123 177 126 156 93 69 111 123 87 24 54 36 69 51 138 171 198 225 198 132 126 111 138 195 69 63 66 75 117 126 162 147 123 156 108 81 69 39 63 21 120 69 165 33 30 39 45 36 45 27 30 45 24 75
 147 54 159 108 84 81 141 126 195 171 186 126 69 33 21 63 96 111 174 198 84 69 96 159 135 105 117 114 171 177 150 201 171 201 222 183 51 54 114 84 57 27 0 48 117 150 165 150 201 150 183 120 93 129 135 93 39 78 63 96 72 165 198 222 252 225 132 147 138 165 219 81 75 75 81 141 150 186 168 141 180 135 105 90 60 72 48 147 96 192 54 57 66 72 63 72 54 54 69 48 102
 138 72 162 132 48 63 111 87 192 150 156 132 66 18 63 18 51 84 138 183 105 102 135 174 162 114 105 114 180 162 129 180 171 204 219 141 33 33 147 93 96 39 48 0 75 105 126 114 162 147 174 99 93 144 159 126 63 84 42 63 30 138 171 189 243 210 171 153 126 147 213 108 99 105 114 141 153 189 171 153 177 99 69 51 27 24 51 123 78 171 18 42 36 60 51 51 48 33 45 24 96
 111 108 147 156 36 63 54 18 162 99 90 132 81 87 123 54 24 42 72 141 129 144 177 177 186 120 87 105 174 120 87 126 147 183 189 66 69 99 180 108 144 96 117 75 0 33 54 48 90 126 141 66 96 156 177 162 111 96 63 36 45 81 111 120 204 165 207 150 96 108 177 141 129 141 153 129 141 171 156 150 156 39 24 27 57 60 90 72 60 114 63 69 54 69 72 57 75 63 54 69 87
 117 135 159 180 66 87 54 27 162 90 75 150 108 120 153 87 54 60 54 138 153 171 204 192 207 141 102 123 186 120 87 117 153 189 189 36 99 129 204 132 171 126 150 105 33 0 30 36 60 135 144 75 117 174 198 186 141 120 93 63 78 72 99 96 201 159 234 165 105 108 177 165 156 168 180 141 153 177 165 165 159 39 48 57 90 90 120 72 81 105 96 99 87 96 99 87 105 96 84 102 105
 102 141 144 177 81 93 39 39 141 66 45 141 114 141 168 108 78 60 24 114 156 177 207 183 201 135 93 114 174 96 69 90 135 171 168 21 114 153 204 135 180 141 165 126 54 30 0 18 36 120 123 69 114 168 192 189 150 123 105 72 96 48 69 66 174 132 234 153 90 87 150 168 159 171 183 129 141 159 150 156 141 33 60 75 105 114 129 54 84 75 114 111 102 102 108 96 117 111 96 117 102
 84 123 129 159 66 75 21 27 129 57 45 123 96 126 150 96 69 42 24 105 135 159 189 165 183 117 75 96 156 84 54 84 120 156 156 42 99 144 186 114 162 123 150 114 48 36 18 0 51 102 108 51 96 150 174 171 132 105 87 54 84 39 66 75 165 126 216 135 75 72 141 150 141 153 165 111 123 144 132 138 126 15 45 63 90 105 111 39 63 69 99 93 84 84 90 81 99 96 81 102 84
 120 177 162 207 117 126 69 75 150 75 42 165 147 177 201 144 114 93 36 117 186 210 240 204 228 162 120 141 192 105 90 87 150 180 171 27 150 189 234 165 213 177 201 162 90 60 36 51 0 138 132 99 144 192 219 219 186 156 138 108 132 63 63 39 171 129 264 174 111 99 153 198 192 204 213 150 159 171 165 177 153 69 96 111 141 150 165 78 117 75 150 147 138 138 144 132 153 147 132 153 132
 18 96 24 84 108 84 81 111 45 63 96 36 84 147 135 138 135 84 105 54 81 111 129 66 96 51 42 36 54 45 51 75 24 60 72 141 114 177 111 69 120 126 150 147 126 135 120 102 138 0 33 60 57 63 87 108 114 72 105 99 126 75 90 132 102 78 141 36 30 39 69 93 90 102 108 15 21 45 30 39 33 96 102 117 120 156 105 66 72 78 129 105 111 87 96 96 102 114 102 123 51
 36 129 42 114 132 111 90 126 18 57 90 69 114 177 168 162 156 102 102 24 114 144 159 84 123 84 69 66 66 27 57 54 21 48 48 141 144 207 141 102 153 156 183 174 141 144 123 108 132 33 0 81 90 90 114 138 147 105 132 120 150 75 75 117 69 45 168 60 48 36 39 126 123 135 141 48 48 39 39 66 21 108 123 141 147 180 135 72 99 60 156 135 138 117 126 123 132 144 129 153 81
 45 81 84 108 54 39 30 51 99 51 69 72 54 105 114 87 78 24 63 84 87 114 141 117 132 66 27 45 111 63 30 81 84 120 126 90 72 132 135 66 117 93 120 99 66 75 69 51 99 60 81 0 48 99 123 120 93 57 60 39 72 45 78 108 147 111 165 87 33 48 117 102 93 108 117 66 78 105 90 90 90 39 42 60 72 102 75 27 24 72 81 66 63 48 57 51 66 69 54 81 33
 54 42 69 63 66 36 75 90 102 90 114 42 27 90 81 87 96 57 108 105 42 66 96 84 90 24 27 21 87 87 66 114 78 111 129 135 60 123 90 21 75 69 93 93 96 117 114 96 144 57 90 48 0 60 81 75 60 15 51 60 78 90 117 153 156 132 120 63 48 75 126 54 48 60 69 48 60 96 78 60 87 81 72 78 69 105 48 72 36 108 75 51 60 36 42 48 48 63 54 69 12
 78 75 48 27 126 96 129 147 93 123 156 27 81 138 108 144 156 117 156 114 45 66 72 30 36 36 75 54 45 105 105 138 69 81 108 189 114 171 51 51 81 111 129 144 156 174 168 150 192 63 90 99 60 0 24 51 90 63 108 120 135 132 150 192 144 135 78 30 81 102 117 48 54 57 60 45 45 69 57 24 75 138 132 138 126 162 93 117 96 138 129 108 117 93 96 105 99 117 111 123 69
 102 87 69 27 147 117 153 171 114 150 180 54 99 150 114 159 174 138 183 138 54 66 60 36 12 57 99 78 57 132 129 162 93 96 126 213 129 183 33 69 78 123 135 159 177 198 192 174 219 87 114 123 81 24 0 45 99 81 126 141 153 156 174 216 162 156 54 51 105 126 135 51 60 60 54 72 66 87 78 48 96 162 153 159 141 177 105 141 117 162 144 123 135 111 114 123 114 132 129 135 90
 117 57 99 24 126 99 150 159 144 159 186 69 78 114 72 132 153 129 183 162 33 24 21 78 42 60 99 84 96 150 138 180 120 135 162 210 102 147 21 54 36 87 93 126 162 186 189 171 219 108 138 120 75 51 45 0 63 66 102 126 129 162 189 225 198 183 48 81 114 141 168 21 30 21 12 90 93 123 108 75 126 156 138 138 114 147 78 144 105 177 117 99 111 93 90 102 87 105 108 108 87
 114 18 120 72 75 57 120 114 159 144 162 87 39 51 21 69 96 90 153 165 45 39 72 120 102 66 84 81 132 147 120 171 135 162 183 171 42 84 84 45 33 24 39 63 111 141 150 132 186 114 147 93 60 90 99 63 0 45 48 81 69 141 171 201 216 189 108 108 105 132 183 48 39 42 51 102 111 147 132 105 144 117 93 84 57 87 21 120 72 165 54 42 54 48 42 54 33 48 54 45 69
 72 27 81 60 63 36 87 93 117 105 126 51 18 78 66 81 93 63 120 120 33 54 84 90 90 30 42 36 96 102 78 129 93 123 141 144 51 111 84 12 60 54 78 84 96 120 123 105 156 72 105 57 15 63 81 66 45 0 45 63 72 102 132 165 171 147 111 72 63 90 141 45 36 48 60 63 72 108 90 69 102 90 75 75 60 99 33 84 39 123 66 45 54 30 33 42 36 54 48 60 27
 96 48 120 102 24 21 78 66 150 111 123 93 27 45 63 36 51 48 108 144 72 84 117 135 132 75 63 72 141 123 90 141 129 162 177 123 12 75 123 57 81 36 63 42 63 93 105 87 138 105 132 60 51 108 126 102 48 45 0 33 27 102 135 159 201 168 150 114 84 108 171 81 72 81 93 99 111 147 129 111 135 72 45 36 15 54 27 84 36 132 24 6 9 18 12 9 15 12 6 21 54
 84 75 120 120 12 27 48 33 138 87 93 99 48 72 96 48 39 21 78 126 93 111 144 144 150 84 57 72 144 105 69 117 120 156 165 90 42 93 144 75 111 69 96 63 36 63 72 54 108 99 120 39 60 120 141 126 81 63 33 0 33 75 108 129 186 150 174 117 72 90 156 105 96 108 117 99 111 144 126 117 129 39 12 21 36 63 57 60 27 108 45 39 30 33 39 27 45 39 27 48 54
 114 72 144 129 21 42 81 57 168 120 126 120 54 42 78 12 27 54 108 159 99 108 141 162 159 102 84 96 165 138 102 153 150 183 195 111 27 60 147 84 102 51 72 30 45 78 96 84 132 126 150 72 78 135 153 129 69 72 27 33 0 108 141 159 219 183 174 138 102 123 189 108 99 108 117 123 135 168 153 138 156 69 39 21 12 30 51 93 54 141 18 30 18 42 39 30 39 24 24 24 75
 57 126 102 147 87 84 27 63 93 18 24 105 102 147 159 120 102 54 27 66 129 156 183 141 168 105 63 81 129 48 27 48 90 123 120 66 114 168 174 111 162 138 165 138 81 72 48 39 63 75 75 45 90 132 156 162 141 102 102 75 108 0 33 63 126 87 204 111 51 39 102 144 138 150 159 90 99 111 102 114 93 42 69 90 111 135 120 18 69 33 120 108 105 93 102 93 111 111 96 120 75
 72 159 111 168 123 117 60 93 87 27 24 123 132 180 192 156 135 90 45 54 156 186 210 153 186 129 90 105 138 48 51 24 93 120 108 81 147 204 198 138 192 171 198 171 111 99 69 66 63 90 75 78 117 150 174 189 171 132 135 108 141 33 0 42 108 66 225 126 72 48 90 171 165 177 186 105 111 114 111 129 96 75 105 123 144 168 153 51 102 12 153 141 138 126 135 126 144 147 132 156 105
 114 189 153 210 141 144 81 102 129 69 39 165 162 201 222 171 144 111 51 96 192 219 246 195 228 168 126 144 180 90 90 66 135 165 147 63 171 219 237 174 225 198 222 189 120 96 66 75 39 132 117 108 153 192 216 225 201 165 159 129 159 63 42 0 141 102 267 168 111 90 129 207 201 213 222 147 153 156 153 171 138 90 120 138 165 180 180 81 129 57 174 165 159 153 162 150 171 168 153 177 141
 105 198 99 171 198 180 150 186 54 108 132 132 183 246 237 231 222 168 150 63 177 207 216 126 171 150 138 135 105 84 120 84 81 66 36 186 213 276 195 168 219 225 252 243 204 201 174 165 171 102 69 147 156 144 162 198 216 171 201 186 219 126 108 141 0 42 216 114 117 99 30 189 189 198 201 111 105 75 87 120 72 168 186 207 216 249 204 132 165 99 225 204 207 186 195 192 201 213 198 222 150
 75 174 87 159 165 147 111 147 42 69 90 114 156 216 213 198 186 132 108 27 159 189 204 123 165 129 108 111 102 48 84 45 63 72 48 147 180 243 186 147 198 198 225 210 165 159 132 126 129 78 45 111 132 135 156 183 189 147 168 150 183 87 66 102 42 0 210 105 87 63 27 171 168 180 186 93 90 72 78 111 60 129 150 171 183 213 177 93 132 57 192 174 174 153 165 159 171 180 165 189 120
 153 102 126 57 174 147 195 207 168 198 228 102 126 156 111 177 201 177 228 192 81 69 36 90 45 99 141 123 111 183 177 216 147 150 180 255 147 186 30 102 75 132 132 171 207 234 234 216 264 141 168 165 120 78 54 48 108 111 150 174 174 204 225 267 216 210 0 108 156 177 192 69 78 66 57 123 120 141 132 102 150 201 186 186 162 192 123 186 153 216 162 144 159 141 138 150 135 153 153 153 132
 54 90 18 57 126 96 114 138 63 99 132 21 90 150 129 150 156 108 138 84 66 93 102 30 63 42 63 45 27 78 84 111 39 54 81 174 123 183 81 63 105 126 147 153 150 165 153 135 174 36 60 87 63 30 51 81 108 72 114 117 138 111 126 168 114 105 108 0 63 75 87 75 75 84 87 24 15 42 27 6 45 126 126 138 129 168 105 99 90 114 138 114 123 96 102 108 108 123 114 129 63
 12 90 54 96 84 63 51 81 66 45 75 54 69 129 129 114 108 54 78 60 84 114 138 90 117 57 21 33 81 39 24 66 51 87 96 111 96 159 126 66 120 111 138 126 96 105 90 75 111 30 48 33 48 81 105 114 105 63 84 72 102 51 72 111 117 87 156 63 0 27 87 99 93 105 114 39 48 75 60 63 57 66 75 93 99 132 90 36 48 63 108 87 90 69 78 75 87 96 81 105 36
 24 117 63 120 102 87 54 90 54 24 57 75 96 153 153 135 123 69 66 36 111 141 162 105 138 81 48 57 90 15 21 39 48 84 84 105 120 180 150 93 147 138 165 147 108 108 87 72 99 39 36 48 75 102 126 141 132 90 108 90 123 39 48 90 99 63 177 75 27 0 69 123 120 132 141 54 63 72 66 81 54 72 90 108 120 150 117 36 72 39 129 111 111 93 102 99 111 117 102 126 63
 75 168 69 144 171 150 123 159 24 84 111 102 153 216 207 201 192 138 129 36 147 177 189 102 147 120 108 105 81 57 93 66 48 45 21 168 183 246 168 138 189 195 219 213 177 177 150 141 153 69 39 117 126 117 135 168 183 141 171 156 189 102 90 129 30 27 192 87 87 69 0 159 159 168 174 81 75 48 60 93 42 141 159 177 186 219 174 105 135 78 195 174 177 153 162 162 171 180 168 189 120
 102 36 90 27 105 78 129 138 135 141 168 57 57 99 60 111 132 108 162 147 12 18 42 78 54 42 81 66 93 135 117 162 108 129 156 189 81 129 42 33 30 69 81 108 141 165 168 150 198 93 126 102 54 48 51 21 48 45 81 105 108 144 171 207 189 171 69 75 99 123 159 0 9 9 15 78 84 117 102 69 117 135 117 117 96 129 57 126 84 159 96 78 90 72 69 81 69 84 87 87 66
 96 27 90 33 96 69 123 129 132 135 162 57 48 90 54 102 123 99 156 144 9 21 48 84 63 39 75 60 96 129 111 159 108 129 156 180 72 123 51 27 30 63 75 99 129 156 159 141 192 90 123 93 48 54 60 30 39 36 72 96 99 138 165 201 189 168 78 75 93 120 159 9 0 12 24 75 84 117 102 69 117 126 108 108 84 120 48 117 75 156 87 69 81 63 60 72 57 75 78 78 60
 108 36 99 33 105 81 135 141 144 150 174 66 60 93 54 111 132 111 168 156 21 9 36 87 60 51 87 75 102 141 126 171 120 138 165 192 81 126 42 39 21 66 75 105 141 168 171 153 204 102 135 108 60 57 60 21 42 48 81 108 108 150 177 213 198 180 66 84 105 132 168 9 12 0 12 87 93 126 111 78 126 138 120 117 93 126 57 132 90 168 96 78 90 72 72 84 66 84 87 84 75
 117 45 105 33 117 93 147 150 147 159 183 72 72 102 60 120 144 123 180 162 30 12 24 87 54 57 96 81 102 150 135 180 123 141 168 204 90 132 33 51 24 75 81 114 153 180 183 165 213 108 141 117 69 60 54 12 51 60 93 117 117 159 186 222 201 186 57 87 114 141 174 15 24 12 0 93 96 129 114 81 129 150 132 129 105 138 66 141 99 177 105 87 102 84 81 93 78 96 99 96 84
 33 87 21 69 108 81 90 117 57 78 111 21 75 141 126 135 138 87 114 69 66 96 111 51 81 39 42 27 45 60 63 90 33 63 81 150 108 171 96 57 108 117 141 141 129 141 129 111 150 15 48 66 48 45 72 90 102 63 99 99 123 90 105 147 111 93 123 24 39 54 81 78 75 87 93 0 12 48 30 27 39 102 105 120 117 153 96 75 72 93 123 102 108 81 90 93 96 111 99 117 48
 39 96 9 69 120 93 102 129 51 87 120 27 87 150 132 147 150 99 126 69 72 102 114 42 78 45 54 39 33 63 72 96 27 51 72 162 120 183 96 66 114 126 150 153 141 153 141 123 159 21 48 78 60 45 66 93 111 72 111 111 135 99 111 153 105 90 120 15 48 63 75 84 84 93 96 12 0 36 18 21 33 114 117 132 129 165 105 84 84 99 135 111 120 93 102 105 108 120 111 129 60
 60 132 27 99 153 126 123 156 30 96 129 60 123 186 168 180 180 129 141 63 108 135 141 51 96 81 87 75 30 66 90 93 24 15 39 180 156 219 120 102 147 162 186 189 171 177 159 144 171 45 39 105 96 69 87 123 147 108 147 144 168 111 114 156 75 72 141 42 75 72 48 117 117 126 129 48 36 0 18 48 18 138 147 162 162 198 141 105 117 102 171 147 153 129 138 138 144 156 147 165 93
 48 114 12 84 138 111 111 141 36 90 123 45 105 171 153 165 165 114 132 63 90 120 129 45 87 66 69 57 27 63 78 90 18 33 54 168 138 201 108 87 132 147 168 171 156 165 150 132 165 30 39 90 78 57 78 108 132 90 129 126 153 102 111 153 87 78 132 27 60 66 60 102 102 111 114 30 18 18 0 33 18 126 132 147 147 183 126 93 102 96 153 132 138 111 120 123 126 141 129 147 78
 57 87 24 51 126 96 114 138 69 105 138 18 87 147 123 147 153 108 141 90 60 87 96 27 57 39 63 45 27 84 87 114 45 60 87 177 120 180 75 60 99 123 141 153 150 165 156 138 177 39 66 90 60 24 48 75 105 69 111 117 138 114 129 171 120 111 102 6 63 81 93 69 69 78 81 27 21 48 33 0 51 126 126 135 129 165 102 102 90 117 135 111 120 96 102 105 105 120 114 126 63
 45 126 27 102 141 114 105 138 18 78 111 60 114 177 165 168 165 114 120 45 105 135 147 63 105 78 72 66 45 48 72 75 9 30 42 159 147 210 126 99 147 156 180 177 156 159 141 126 153 33 21 90 87 75 96 126 144 102 135 129 156 93 96 138 72 60 150 45 57 54 42 117 117 126 129 39 33 18 18 51 0 123 132 150 150 186 135 87 105 81 159 138 144 120 126 129 135 147 135 156 84
 78 108 120 144 51 60 18 18 126 60 57 111 81 111 135 81 60 27 39 105 120 144 174 153 171 102 63 84 147 84 51 90 114 153 153 54 81 129 171 99 144 108 135 99 39 39 33 15 69 96 108 39 81 138 162 156 117 90 72 39 69 42 75 90 168 129 201 126 66 72 141 135 126 138 150 102 114 138 126 126 123 0 30 48 75 93 96 36 48 78 84 78 69 69 75 63 84 78 66 87 69
 90 87 126 132 21 39 42 21 141 84 87 108 60 81 108 51 33 21 69 126 105 123 156 153 162 96 63 81 150 105 69 114 126 162 168 78 54 99 156 87 123 81 105 69 24 48 60 45 96 102 123 42 72 132 153 138 93 75 45 12 39 69 105 120 186 150 186 126 75 90 159 117 108 120 132 105 117 147 132 126 132 30 0 21 45 63 72 57 36 102 54 51 42 48 51 39 57 51 39 57 63
 105 84 138 135 12 42 63 36 159 105 105 117 60 63 96 33 18 39 87 144 108 120 153 162 165 102 78 93 162 123 87 135 141 177 186 90 42 81 159 90 117 69 90 51 27 57 75 63 111 117 141 60 78 138 159 138 84 75 36 21 21 90 123 138 207 171 186 138 93 108 177 117 108 117 129 120 132 162 147 135 150 48 21 0 30 45 63 78 48 123 39 42 30 48 48 36 51 39 30 45 72
 111 60 135 117 24 36 84 66 162 120 129 108 42 36 66 18 42 54 114 156 87 93 129 153 147 90 78 87 156 135 102 153 144 177 192 120 12 60 135 72 90 39 60 27 57 90 105 90 141 120 147 72 69 126 141 114 57 60 15 36 12 111 144 165 216 183 162 129 99 120 186 96 84 93 105 117 129 162 147 129 150 75 45 30 0 39 39 96 48 141 9 18 9 33 27 24 27 9 18 12 69
 144 93 174 153 48 72 108 78 198 147 150 147 81 42 87 18 36 81 129 186 123 126 159 189 183 129 114 126 195 165 129 180 180 213 225 126 48 39 168 111 120 63 72 24 60 90 114 105 150 156 180 102 105 162 177 147 87 99 54 63 30 135 168 180 249 213 192 168 132 150 219 129 120 126 138 153 165 198 183 165 186 93 63 45 39 0 72 120 84 168 33 54 45 72 66 60 63 45 54 42 105
 102 21 114 81 54 36 99 93 150 126 144 84 21 45 39 54 78 69 132 150 51 57 90 123 111 63 69 69 129 132 102 153 126 156 177 147 24 78 99 42 54 21 48 51 90 120 129 111 165 105 135 75 48 93 105 78 21 33 27 57 51 120 153 180 204 177 123 105 90 117 174 57 48 57 66 96 105 141 126 102 135 96 72 63 39 72 0 102 51 147 39 21 36 27 21 33 12 27 33 30 54
 45 108 90 129 75 66 18 54 90 27 42 87 81 129 141 108 90 39 42 69 111 138 165 129 150 87 45 63 117 48 15 57 81 117 117 75 99 153 156 90 144 120 147 123 72 72 54 39 78 66 72 27 72 117 141 144 120 84 84 60 93 18 51 81 132 93 186 99 36 36 105 126 117 132 141 75 84 105 93 102 87 36 57 78 96 120 102 0 51 48 105 90 87 75 84 75 93 96 81 105 57
 63 60 93 99 36 15 48 54 114 75 93 72 33 81 90 66 66 24 81 108 72 93 126 117 126 60 30 45 117 87 54 105 96 132 144 105 48 111 123 51 96 69 96 78 60 81 84 63 117 72 99 24 36 96 117 105 72 39 36 27 54 69 102 129 165 132 153 90 48 72 135 84 75 90 99 72 84 117 102 90 105 48 36 48 48 84 51 51 0 96 57 42 42 24 33 27 42 48 33 57 27
 63 150 99 159 120 111 60 96 75 21 33 111 126 177 186 153 135 87 51 42 147 177 198 141 174 120 81 96 123 33 45 12 81 108 96 90 144 201 186 129 183 165 192 171 114 105 75 69 75 78 60 72 108 138 162 177 165 123 132 108 141 33 12 57 99 57 216 114 63 39 78 159 156 168 177 93 99 102 96 117 81 78 102 123 141 168 147 48 96 0 153 138 135 120 129 123 138 144 126 153 96
 120 60 144 120 33 45 93 75 171 132 138 114 48 27 63 15 45 66 123 165 90 93 126 156 150 96 87 96 162 144 111 162 150 186 198 129 15 51 138 78 90 33 54 18 63 96 114 99 150 129 156 81 75 129 144 117 54 66 24 45 18 120 153 174 225 192 162 138 108 129 195 96 87 96 105 123 135 171 153 135 159 84 54 39 9 33 39 105 57 153 0 24 18 42 33 33 30 12 27 9 78
 99 42 120 99 33 27 84 72 150 117 129 93 27 42 57 36 57 54 117 147 69 78 111 135 129 72 66 72 141 126 93 147 129 162 177 129 9 72 117 54 75 30 57 42 69 99 111 93 147 105 135 66 51 108 123 99 42 45 6 39 30 108 141 165 204 174 144 114 87 111 174 78 69 78 87 102 111 147 132 111 138 78 51 42 18 54 21 90 42 138 24 0 12 18 12 15 9 9 12 18 54
 102 54 129 111 21 27 78 63 156 114 123 102 36 42 66 27 42 48 108 147 81 90 126 144 141 84 69 78 147 126 93 144 135 168 183 117 12 69 132 66 87 39 66 36 54 87 102 84 138 111 138 63 60 117 135 111 54 54 9 30 18 105 138 159 207 174 159 123 90 111 177 90 81 90 102 108 120 153 138 120 144 69 42 30 9 45 36 87 42 135 18 12 0 27 21 15 24 9 9 18 60
 81 39 102 90 33 9 72 69 132 99 114 75 12 60 66 51 63 42 105 126 60 75 108 120 120 57 48 54 123 108 75 129 111 144 159 123 27 90 111 42 78 45 72 60 69 96 102 84 138 87 117 48 36 93 111 93 48 30 18 33 42 93 126 153 186 153 141 96 69 93 153 72 63 72 84 81 93 129 111 96 120 69 48 48 33 72 27 75 24 120 42 18 27 0 9 12 18 27 18 36 36
 90 36 111 90 36 18 78 72 141 108 123 81 15 51 60 48 63 51 111 138 60 72 108 123 120 63 57 63 129 117 87 138 120 153 168 129 18 84 111 45 72 36 63 51 72 99 108 90 144 96 126 57 42 96 114 90 42 33 12 39 39 102 135 162 195 165 138 102 78 102 162 69 60 72 81 90 102 138 120 102 126 75 51 48 27 66 21 84 33 129 33 12 21 9 0 12 9 21 15 27 45
 87 48 114 102 24 12 69 60 141 102 114 87 24 54 69 42 51 39 102 132 72 87 120 132 132 69 54 63 135 114 81 132 120 153 168 117 21 84 123 54 84 45 72 51 57 87 96 81 132 96 123 51 48 105 123 102 54 42 9 27 30 93 126 150 192 159 150 108 75 99 162 81 72 84 93 93 105 138 123 105 129 63 39 36 24 60 33 75 27 123 33 15 15 12 12 0 21 21 6 30 45
 96 33 114 90 39 27 87 81 147 117 132 87 18 45 51 45 66 60 120 144 60 69 102 126 120 66 63 69 132 126 96 147 126 156 174 135 15 78 108 48 66 27 54 48 75 105 117 99 153 102 132 66 48 99 114 87 33 36 15 45 39 111 144 171 201 171 135 108 87 111 171 69 57 66 78 96 108 144 126 105 135 84 57 51 27 63 12 93 42 138 30 9 24 18 9 21 0 18 21 24 51
 108 48 129 108 30 33 87 72 159 123 132 102 36 36 57 27 51 57 117 153 78 84 117 144 138 84 75 81 150 132 99 153 138 171 186 129 3 63 126 63 81 30 54 33 63 96 111 96 147 114 144 69 63 117 132 105 48 54 12 39 24 111 147 168 213 180 153 123 96 117 180 84 75 84 96 111 120 156 141 120 147 78 51 39 9 45 27 96 48 144 12 9 9 27 21 21 18 0 15 9 63
 93 51 120 108 18 18 72 60 147 105 117 93 30 51 69 36 48 42 102 138 78 90 123 138 135 75 63 72 141 117 84 138 126 162 174 114 18 78 126 60 87 45 69 45 54 84 96 81 132 102 129 54 54 111 129 108 54 48 6 27 24 96 132 153 198 165 153 114 81 102 168 87 78 87 99 99 111 147 129 114 135 66 39 30 18 54 33 81 33 126 27 12 9 18 15 6 21 15 0 24 51
 117 51 138 111 36 42 96 78 168 132 141 108 42 27 54 24 54 66 126 162 81 84 117 150 141 90 84 90 156 141 108 162 147 180 195 135 9 54 126 69 78 24 48 24 69 102 117 102 153 123 153 81 69 123 135 108 45 60 21 48 24 120 156 177 222 189 153 129 105 126 189 87 78 84 96 117 129 165 147 126 156 87 57 45 12 42 30 105 57 153 9 18 18 36 27 30 24 9 24 0 72
 45 54 66 75 63 33 63 78 96 75 102 45 33 96 90 87 90 48 96 96 54 81 108 90 102 33 15 18 90 75 51 102 75 108 123 123 63 126 102 33 87 75 102 96 87 105 102 84 132 51 81 33 12 69 90 87 69 27 54 54 75 75 105 141 150 120 132 63 36 63 120 66 60 75 84 48 60 93 78 63 84 69 63 72 69 105 54 57 27 96 78 54 60 36 45 45 51 63 51 72 0
