RING 12
30, 75, 47, 46, 10, 36, 97, 82, 79, 91, 39, 90
STAR
1 46
2 30
3 30
4 10
5 39
6 75
7 82
8 75
9 82
11 97
12 46
13 79
14 36
15 79
16 82
17 90
18 46
19 10
20 79
21 30
22 75
23 91
24 46
25 90
26 82
27 79
28 39
29 46
31 47
32 46
33 36
34 90
35 30
37 46
38 39
40 46
41 30
42 47
43 39
44 10
45 97
48 10
49 46
50 91
51 82
52 97
53 46
54 75
55 47
56 39
57 36
58 90
59 30
60 36
61 82
62 75
63 82
64 79
65 47
66 10
67 47
68 30
69 36
70 91
71 39
72 39
73 30
74 36
76 91
77 30
78 82
80 30
81 97
83 39
84 97
85 79
86 39
87 97
88 39
89 30
92 10
93 10
94 91
95 91
96 97
98 39
99 10
100 36
COST 135913
